54.333333333
78.0
82.0
54.333333333
66.666666667
42.333333333
38.666666667
70.333333333
51.0
57.333333333
73.0
33.0
81.666666667
73.0
39.666666667
70.333333333
42.333333333
71.0
61.333333333
69.0
60.666666667
75.333333333
74.0
82.0
64.666666667
58.666666667
64.333333333
66.666666667
70.666666667
56.666666667
70.0
62.333333333
82.333333333
49.666666667
44.666666667
61.666666667
57.0
80.666666667
46.333333333
56.666666667
43.0
52.666666667
76.0
80.666666667
47.333333333
47.666666667
80.666666667
74.333333333
71.666666667
56.0
62.666666667
49.0
81.333333333
82.0
70.0
55.666666667
53.0
46.333333333
74.333333333
61.666666667
92.666666667
79.666666667
59.0
66.666666667
57.666666667
51.333333333
60.0
54.0
38.333333333
87.0
60.0
51.333333333
45.333333333
60.0
59.666666667
84.333333333
63.666666667
62.0
37.333333333
59.666666667
81.666666667
85.0
80.333333333
64.0
75.0
47.333333333
40.333333333
65.0
71.666666667
61.333333333
59.333333333
44.0
55.666666667
51.333333333
38.333333333
51.666666667
69.333333333
65.333333333
77.333333333
59.333333333
55.333333333
70.666666667
50.0
54.666666667
52.0
54.333333333
58.666666667
69.333333333
54.666666667
55.0
73.0
65.666666667
57.0
56.333333333
70.333333333
36.0
61.0
63.0
60.0
71.333333333
63.0
89.666666667
65.666666667
67.333333333
77.333333333
54.333333333
76.333333333
77.666666667
72.333333333
83.666666667
72.333333333
70.666666667
65.333333333
44.333333333
90.666666667
63.666666667
60.0
83.666666667
73.0
61.0
55.333333333
57.0
55.333333333
51.0
76.0
60.666666667
52.666666667
39.333333333
35.333333333
56.666666667
72.333333333
39.333333333
65.666666667
49.666666667
62.666666667
63.333333333
55.666666667
35.333333333
63.333333333
66.333333333
63.0
56.333333333
78.333333333
69.0
66.333333333
71.0
47.666666667
65.666666667
42.666666667
65.666666667
57.666666667
81.333333333
75.333333333
65.0
55.666666667
64.666666667
55.666666667
63.0
56.0
83.333333333
66.0
67.333333333
58.666666667
58.666666667
76.333333333
68.666666667
66.333333333
63.620320856 62.604278075 61.347593583